1000 9895
945 530
125 70
470 215
643 230
99 683
882 62
523 394
485 523
802 351
968 555
313 378
482 259
588 195
863 331
939 363
687 761
618 806
639 656
302 81
967 153
79 617
930 733
236 52
739 87
509 403
411 208
450 630
694 13
347 994
867 251
406 469
62 603
982 536
969 687
295 824
218 893
809 182
614 643
710 246
838 59
322 51
89 712
933 349
257 916
387 377
370 514
796 971
504 209
840 555
418 641
258 502
650 980
334 277
652 138
396 328
625 744
5 873
922 128
438 102
167 540
376 233
950 205
460 806
613 397
941 390
655 680
440 223
243 232
945 860
894 265
972 627
954 994
318 325
51 842
307 756
290 506
220 639
95 637
497 806
115 339
225 791
302 953
604 789
38 983
864 586
367 873
226 623
882 938
281 662
949 79
825 81
661 443
76 237
350 980
394 823
704 978
9 60
281 775
127 826
454 950
593 302
151 626
307 834
673 502
696 81
332 293
690 335
999 735
670 453
748 989
269 340
587 473
140 876
260 169
655 288
435 133
369 953
245 230
134 785
123 758
383 168
956 976
95 356
776 342
795 82
395 632
800 332
178 112
952 631
795 451
340 492
328 428
364 410
827 978
404 513
323 595
620 235
221 80
439 25
542 698
376 39
273 58
153 914
221 193
975 488
44 318
797 792
158 818
748 621
110 587
145 965
101 268
578 802
802 993
784 284
767 987
145 854
258 623
244 260
465 49
376 884
820 717
140 591
493 483
58 192
261 493
619 262
51 581
609 715
811 787
793 316
444 932
569 293
769 315
608 269
937 841
609 548
646 99
793 429
158 281
489 614
551 802
953 55
281 882
691 999
801 123
824 196
774 316
423 828
762 528
468 667
804 797
416 54
172 659
800 940
490 846
343 80
625 170
764 324
624 767
807 760
639 569
895 899
397 20
914 254
572 486
238 726
543 476
471 58
14 295
786 452
757 863
389 280
889 463
338 447
356 820
38 337
343 818
895 225
677 62
677 176
338 334
637 810
978 916
515 60
351 938
700 96
538 327
280 619
170 835
277 130
444 405
91 104
46 449
920 192
966 374
474 592
970 893
664 512
936 805
922 248
472 679
31 36
487 678
720 759
276 317
741 655
465 396
121 610
896 322
145 818
298 548
775 58
929 398
125 43
931 328
697 963
971 740
78 274
996 305
264 714
617 60
176 310
87 192
900 736
693 224
34 831
634 757
481 850
298 120
7 528
194 57
205 987
826 434
666 287
905 33
119 113
892 183
913 478
423 254
199 185
863 342
457 108
345 93
77 558
316 874
445 74
321 964
329 124
995 900
621 194
434 875
863 133
482 160
72 700
45 663
790 244
516 336
130 439
903 528
484 930
670 985
418 634
820 772
847 471
406 155
689 797
282 413
728 837
849 727
900 981
371 311
90 725
515 310
332 698
149 988
119 834
64 716
284 821
934 658
127 675
539 682
991 842
150 510
779 458
695 86
771 638
522 440
398 550
436 654
788 475
506 573
267 387
9 293
997 124
446 242
512 412
843 586
695 485
953 254
270 140
481 781
637 182
534 924
904 421
507 206
915 39
220 809
152 569
88 695
270 73
436 369
882 993
701 443
21 793
632 776
763 110
781 579
109 176
316 782
377 264
914 183
113 262
681 575
193 366
527 769
847 740
443 738
250 216
123 602
329 207
130 488
478 296
960 39
961 786
66 694
801 841
808 123
900 683
925 262
559 502
780 449
550 735
992 871
366 995
426 885
407 730
529 848
409 839
966 303
342 973
533 632
475 448
700 159
205 727
600 283
896 492
167 543
24 727
41 671
371 128
784 277
281 168
889 963
543 192
488 996
576 536
606 608
112 740
884 66
812 231
651 163
926 363
747 442
527 184
902 496
484 199
569 671
769 429
457 649
394 186
396 796
402 737
408 9
330 902
980 930
621 548
916 394
350 586
939 27
553 941
346 949
112 24
635 889
964 525
623 264
290 588
845 318
482 292
104 270
492 141
155 487
86 285
824 694
697 360
518 654
61 977
374 24
446 693
833 837
88 945
74 332
577 115
173 520
874 663
482 131
585 600
604 247
386 424
994 592
744 619
193 507
585 553
692 971
767 305
71 510
754 700
295 906
39 796
484 34
870 570
810 525
583 496
362 244
288 767
399 777
861 206
699 287
205 618
741 904
686 11
211 489
7 810
277 222
814 943
62 944
50 1000
422 836
745 367
33 571
570 258
64 931
712 975
784 428
716 943
474 270
958 628
744 416
686 455
997 139
967 766
275 320
519 93
336 434
246 853
629 725
393 909
195 505
693 282
440 496
350 663
247 309
450 217
588 471
256 258
699 534
540 530
632 499
346 905
493 38
403 450
983 350
706 185
507 246
19 146
517 255
739 803
77 696
80 356
691 644
32 7
730 162
930 544
215 558
510 784
108 417
715 139
878 709
476 669
169 35
596 638
817 545
740 245
857 78
417 986
914 270
992 594
187 688
943 233
585 965
359 470
727 939
286 567
589 902
878 769
14 522
221 2
278 971
705 477
727 792
782 587
979 27
505 672
713 75
326 982
470 525
914 869
239 320
684 339
831 524
410 516
865 29
848 51
720 647
870 509
215 168
436 683
722 532
57 314
974 431
725 131
748 337
786 673
659 597
147 297
994 860
24 92
921 198
483 449
176 311
855 105
158 235
968 851
829 910
775 360
157 6
981 563
157 49
270 336
290 658
55 918
4 644
801 6
365 63
740 29
126 933
431 308
240 311
169 893
635 158
670 499
378 173
711 285
402 850
472 170
693 853
346 655
937 352
728 411
673 302
982 272
381 919
494 750
614 955
316 218
118 42
446 589
857 938
584 814
70 841
890 34
838 322
455 662
222 167
60 70
425 839
390 979
504 840
748 91
469 534
182 191
199 653
12 775
443 935
135 933
429 136
302 110
527 627
328 485
58 722
420 477
149 761
304 382
233 424
771 818
318 787
525 511
144 294
699 436
992 186
3 493
889 806
836 891
68 141
382 485
276 466
738 517
558 488
618 63
966 637
495 63
685 923
171 426
854 621
233 885
641 142
898 535
777 990
650 84
798 100
218 114
436 941
739 524
940 269
744 150
101 182
502 324
621 353
622 74
255 935
955 825
83 782
688 604
446 444
375 462
344 290
416 127
971 207
938 28
501 404
660 577
368 503
136 509
434 254
436 400
844 309
562 706
766 866
530 100
883 898
330 14
648 487
10 896
597 972
304 685
212 46
361 940
343 772
930 957
890 22
865 268
687 63
691 475
178 477
207 371
331 569
260 523
509 350
884 830
421 536
481 229
396 330
126 217
886 17
455 809
166 804
116 471
173 120
176 804
488 598
159 37
93 801
135 60
504 288
56 745
519 346
483 682
484 369
910 877
738 664
614 47
971 603
214 441
200 279
838 489
483 392
300 306
263 446
103 703
252 219
966 891
474 77
313 73
416 634
595 607
872 440
211 870
677 785
486 793
76 152
276 810
544 586
396 341
946 882
767 504
655 878
858 102
401 431
475 730
204 52
872 86
111 473
76 126
977 909
467 587
393 300
198 425
222 291
706 116
460 22
66 215
17 505
734 670
146 159
184 278
477 751
445 113
191 637
258 43
990 951
459 829
61 65
27 81
160 382
861 954
53 749
93 464
420 160
645 425
369 520
44 756
154 340
482 873
230 715
122 448
486 673
435 421
90 55
22 199
4 438
5 923
745 786
942 404
504 128
362 354
849 892
170 840
465 619
304 439
177 191
468 394
366 725
426 854
460 101
126 245
163 77
205 762
292 958
718 187
703 557
25 142
79 455
816 143
980 626
431 878
181 275
708 4
267 854
91 10
642 950
846 142
189 665
932 979
314 406
685 645
318 502
212 861
252 110
812 609
243 405
685 534
542 417
854 375
52 181
535 808
807 7
55 802
683 125
167 164
11 872
8 307
861 67
194 66
855 795
751 858
961 492
281 914
144 765
359 525
768 396
223 98
8 17
691 308
108 418
770 701
943 394
835 757
965 590
32 230
342 519
454 205
901 401
449 220
373 947
504 958
425 228
770 464
625 362
260 941
299 833
670 848
286 677
931 720
490 256
456 688
454 495
623 427
884 711
68 500
944 451
642 423
628 716
23 892
927 474
175 545
128 976
366 608
300 280
603 567
715 901
836 151
675 19
896 324
326 753
845 863
827 444
958 425
538 825
63 998
543 40
290 94
186 415
974 428
885 543
726 965
54 119
142 578
271 794
367 205
190 334
11 361
91 135
385 540
461 265
797 431
298 557
825 30
789 699
497 125
119 194
323 457
564 768
243 542
389 222
319 669
361 829
532 258
493 922
114 337
795 976
407 302
265 337
817 876
2 616
530 351
490 928
342 833
950 896
517 99
701 262
4 74
652 718
265 674
867 180
378 29
75 215
278 424
170 737
840 965
412 678
160 311
606 300
883 937
735 72
437 789
795 111
615 550
943 31
356 859
305 735
804 759
92 545
810 416
387 497
943 140
212 122
31 966
253 594
453 112
357 415
212 233
469 646
92 327
848 934
828 51
353 917
638 462
591 463
844 805
580 579
799 227
957 411
110 313
624 391
855 431
665 203
918 151
462 19
745 405
449 880
271 555
778 830
384 197
334 73
628 117
916 17
561 148
341 676
894 272
860 128
186 435
45 396
46 927
103 666
310 784
459 502
78 364
25 608
836 312
983 59
140 709
43 4
426 132
246 525
533 493
418 480
96 650
133 27
502 810
267 717
878 49
769 515
77 750
61 745
632 667
725 322
820 106
749 188
146 41
790 774
319 518
303 141
51 348
749 77
625 71
401 125
368 488
991 16
478 125
328 474
890 357
563 313
247 800
639 610
506 106
914 181
272 908
30 297
645 291
354 38
386 686
565 508
293 153
810 501
260 982
192 36
299 888
587 237
610 70
277 629
478 302
316 477
475 746
250 329
792 216
828 96
595 343
652 310
447 906
69 132
987 641
787 765
257 794
748 350
970 800
386 337
392 910
316 587
214 877
399 725
435 772
901 883
519 708
225 360
63 600
279 655
393 548
361 120
698 793
861 315
862 524
189 914
634 631
305 353
479 212
404 19
775 124
723 311
561 176
838 222
928 669
447 479
916 182
510 565
737 471
721 938
600 857
233 848
88 767
846 802
295 104
293 373
907 362
364 525
608 467
207 961
100 23
380 231
553 915
899 699
152 744
962 201
821 196
532 331
290 586
57 813
502 929
627 636
847 823
459 990
312 940
252 644
436 454
477 750
316 812
652 662
213 148
221 745
644 296
375 761
118 898
212 67
286 846
567 715
622 530
623 831
628 971
222 892
574 401
903 709
207 200
377 245
430 313
37 265
791 112
799 389
953 813
275 793
55 395
174 221
178 288
86 968
1 377
438 214
295 635
836 813
283 935
983 974
641 265
478 790
684 361
666 236
537 140
279 659
413 925
231 698
237 697
163 170
261 601
955 498
64 933
730 586
508 140
370 365
777 571
637 425
676 763
732 45
440 259
955 420
480 516
651 943
393 947
67 36
530 692
570 213
121 903
964 333
839 76
517 987
609 938
424 934
498 235
704 898
155 566
318 70
912 907
70 255
697 63
146 335
316 611
742 729
112 887
711 426
859 895
697 424
133 228
87 637
803 820
900 154
761 590
989 496
636 794
967 98
570 760
424 482
978 825
740 296
99 160
965 589
105 983
235 800
18 966
827 676
478 196
390 858
490 766
550 424
153 966
724 395
212 103
106 942
415 322
697 981
373 212
139 388
605 618
577 744
631 597
45 850
27 715
378 557
361 952
935 749
239 620
296 760
500 120
603 921
196 337
127 749
3 499
277 240
690 363
525 932
586 808
179 722
584 96
737 204
974 147
701 617
98 926
119 744
488 830
660 422
310 235
780 975
526 386
510 482
349 928
85 650
565 656
413 131
162 133
485 305
327 722
208 90
561 986
156 474
964 417
233 697
513 799
717 215
939 101
265 118
967 915
155 643
263 820
118 794
142 959
56 60
165 358
593 363
756 801
546 994
84 505
265 673
85 32
551 263
761 475
116 258
522 957
144 973
416 674
352 544
886 45
580 904
1000 928
681 11
44 701
273 518
466 363
452 682
608 576
880 165
218 788
663 28
939 908
62 669
508 641
457 197
538 166
814 11
176 683
858 955
268 866
366 658
404 939
957 513
572 952
97 280
483 803
779 382
817 7
380 681
550 995
295 400
668 942
885 464
234 290
814 959
951 197
241 542
37 773
461 121
998 160
766 220
234 437
767 621
674 477
640 335
950 438
312 262
310 785
518 202
884 446
405 515
9 298
119 387
780 721
91 226
356 198
68 722
911 190
841 31
935 4
669 120
532 370
528 37
251 105
949 408
781 751
394 729
144 764
143 454
42 215
117 561
639 668
269 300
201 590
978 878
333 933
916 702
49 898
982 306
454 251
990 985
922 601
354 39
338 608
339 841
925 594
564 131
674 722
770 533
610 212
493 560
477 939
23 483
286 851
786 267
618 148
353 214
11 552
405 272
961 438
192 195
361 716
748 456
362 982
327 872
727 561
926 573
602 773
609 231
908 495
490 138
898 181
884 990
237 709
813 38
263 5
50 594
681 588
721 655
819 986
16 989
239 235
593 707
79 402
154 583
263 299
26 580
37 906
426 327
669 393
105 156
149 433
51 767
747 874
986 430
425 406
797 406
858 100
164 821
41 62
754 21
332 67
25 669
264 995
160 717
260 856
950 559
365 5
864 684
612 26
99 425
108 297
386 573
459 977
497 358
425 193
446 297
673 379
964 814
361 793
473 205
331 155
540 973
139 812
50 321
126 684
507 954
753 902
522 773
511 914
79 766
961 209
818 890
196 954
430 397
143 617
572 333
442 614
44 758
705 212
192 1
821 758
778 835
992 568
785 792
409 256
502 213
239 730
956 50
634 468
796 555
876 377
56 542
642 449
590 571
799 277
286 504
412 851
160 593
649 979
277 219
210 78
942 231
374 997
712 788
305 162
382 464
440 951
888 53
45 160
788 83
770 351
148 223
947 146
595 174
101 153
163 826
719 785
774 90
618 388
871 627
68 997
677 977
215 118
769 398
474 444
789 963
242 944
557 295
489 729
328 729
661 249
510 673
321 432
363 797
54 466
682 923
262 751
981 653
30 347
338 359
472 947
34 646
990 597
558 602
796 310
142 928
548 867
187 777
586 797
942 907
941 844
659 103
632 835
887 21
908 702
201 518
957 199
339 656
620 263
303 53
105 982
235 803
470 59
458 14
352 517
665 668
416 758
2 371
844 718
520 236
558 932
995 842
961 814
344 856
252 865
787 598
644 821
652 360
856 179
729 427
732 542
733 371
1 442
199 571
537 536
774 799
41 937
633 71
338 221
999 16
864 535
435 673
894 137
291 62
348 53
112 394
236 499
310 121
738 636
329 625
941 441
104 576
712 927
127 536
224 873
443 457
433 64
355 979
451 66
822 119
887 922
733 936
366 819
159 816
775 71
959 314
928 710
391 702
327 572
788 434
372 952
522 117
445 898
600 897
214 193
933 701
860 627
402 951
539 794
977 809
457 877
251 76
513 655
570 968
578 431
320 579
892 179
549 638
271 216
761 760
708 589
530 349
877 50
550 152
950 902
829 335
118 190
692 249
71 12
75 201
244 704
703 475
276 377
930 805
122 407
472 378
805 24
373 940
222 170
4 505
978 572
830 933
390 982
283 290
931 718
163 344
865 342
918 472
95 457
316 426
31 849
917 656
746 706
513 274
567 976
73 52
292 786
701 682
595 411
747 180
408 577
469 998
383 672
621 86
764 657
234 232
306 517
932 337
646 739
283 799
13 512
751 506
401 73
718 241
422 530
558 973
431 800
389 989
682 686
440 333
846 85
849 151
941 703
358 595
117 663
381 274
897 313
369 362
6 511
194 887
827 456
323 137
696 749
234 596
860 416
720 275
459 377
170 252
871 868
764 196
486 628
949 118
117 370
309 215
795 656
681 981
655 132
587 722
524 360
543 28
132 199
995 377
668 305
981 822
403 439
877 901
952 36
323 121
4 921
316 923
564 113
344 468
863 455
575 339
868 303
501 258
856 303
235 858
8 845
40 860
260 833
372 493
415 738
131 52
995 821
173 433
800 293
576 860
710 235
75 928
900 663
582 49
692 529
374 100
220 726
170 775
678 939
909 816
69 19
41 429
452 418
451 367
859 634
989 243
205 676
813 37
84 551
944 446
90 548
767 802
805 705
986 733
569 562
883 142
388 634
760 963
162 91
718 124
266 493
160 632
837 594
508 72
972 767
129 947
350 703
537 924
833 647
134 172
394 265
219 308
225 923
368 729
183 777
208 946
790 275
484 775
394 619
911 2
683 163
498 935
467 588
873 561
342 796
113 196
403 648
740 423
942 991
48 873
344 432
87 712
918 505
436 448
60 436
260 150
759 250
304 878
325 968
326 403
350 21
607 347
961 208
725 55
451 894
969 765
793 699
808 317
443 770
474 786
10 931
523 966
968 750
72 760
518 831
62 715
100 53
420 476
2 142
334 715
226 464
923 314
301 386
763 571
362 922
179 986
361 665
683 727
559 263
192 351
807 630
365 786
762 317
148 506
40 259
663 293
900 937
920 887
653 186
780 199
31 79
182 169
241 803
883 332
449 830
220 894
569 989
16 736
823 80
745 252
266 175
57 290
111 979
684 393
190 454
318 667
138 101
971 767
937 803
111 64
756 267
479 940
6 52
591 635
578 678
206 671
891 405
285 20
858 214
860 616
898 845
133 960
264 817
946 789
639 992
177 772
499 465
55 58
904 353
647 731
463 766
312 908
380 575
863 377
938 64
373 749
799 204
251 129
507 891
847 789
963 572
602 356
511 800
97 596
958 353
467 326
751 681
158 613
37 120
365 411
536 697
935 956
430 425
622 701
930 572
596 344
355 490
601 454
412 611
382 817
723 855
841 288
967 922
308 803
443 12
740 878
779 630
374 548
106 846
487 511
353 719
451 406
594 826
339 301
741 675
788 750
914 865
496 862
922 372
617 884
29 542
395 476
381 43
239 189
829 352
794 682
776 913
306 832
879 397
99 983
686 487
263 370
315 234
570 4
879 498
518 236
127 430
872 356
247 356
543 331
711 725
413 50
860 477
668 31
544 518
489 581
310 597
132 349
117 825
298 101
225 963
281 849
212 995
194 50
69 934
199 295
881 468
649 478
777 17
41 26
821 567
207 729
688 515
378 169
622 908
861 684
91 580
607 26
517 302
959 626
903 984
540 54
818 821
725 126
191 694
184 576
888 980
119 171
239 831
676 718
888 579
773 671
468 239
785 219
988 486
364 328
809 237
925 799
676 155
3 307
421 608
667 473
758 779
904 518
779 658
926 967
981 348
178 279
92 497
55 255
171 773
477 265
337 510
743 50
546 746
158 764
430 897
936 774
646 593
421 834
387 590
500 973
157 572
214 695
970 749
771 980
997 820
907 20
309 274
979 570
148 144
432 835
806 885
328 820
257 360
149 298
81 44
546 302
214 256
786 641
459 395
347 225
384 917
115 381
802 946
217 653
949 196
734 874
254 656
631 486
104 121
232 78
894 576
109 504
635 848
991 426
1000 799
731 293
270 163
399 216
114 481
725 335
670 320
468 728
467 174
694 602
551 455
474 862
632 781
946 575
229 641
714 547
201 588
365 321
260 516
978 876
613 747
49 896
420 408
36 666
808 435
995 935
946 353
106 706
176 417
415 742
677 159
382 623
904 581
994 117
226 235
445 965
925 961
362 507
400 212
58 912
887 659
460 76
31 935
288 633
823 395
623 917
865 369
443 967
580 652
500 203
49 332
590 372
486 923
515 123
6 626
541 819
927 270
782 519
44 336
841 986
236 916
935 896
612 787
296 577
747 288
346 459
571 30
148 197
686 317
465 463
746 104
693 623
769 55
312 454
55 278
856 579
371 933
723 312
712 39
654 910
768 969
306 776
681 876
629 558
730 663
552 991
792 110
276 839
298 795
744 359
85 561
968 879
682 933
593 6
886 653
544 590
7 966
526 594
855 130
299 268
281 777
891 214
178 599
566 450
398 112
184 60
17 70
479 15
62 61
209 543
950 988
40 539
604 711
905 205
448 352
691 732
138 529
947 838
326 257
863 58
576 620
169 202
981 43
123 287
491 467
666 533
593 595
158 361
877 283
240 928
800 322
340 123
508 997
77 390
645 550
782 705
309 869
827 1000
774 817
520 976
577 257
210 810
124 804
344 924
842 167
644 625
684 582
560 636
7 307
282 478
608 903
897 779
718 413
361 83
686 261
846 321
480 330
244 403
376 779
158 839
395 435
16 940
833 983
427 866
379 926
603 717
859 871
534 285
59 895
744 421
979 702
894 303
91 743
238 467
777 905
875 659
54 913
746 366
417 42
163 538
238 66
241 366
829 869
439 911
427 145
85 469
671 434
138 560
669 141
485 508
510 232
274 151
366 337
207 855
545 112
375 29
144 695
973 98
296 498
652 855
137 230
122 812
626 460
641 53
4 82
170 358
423 536
320 263
156 949
911 775
18 946
919 280
722 970
227 504
249 272
584 823
520 12
630 174
758 403
191 714
182 735
628 955
740 521
889 465
389 715
47 419
74 79
607 315
369 697
922 945
56 989
156 680
784 946
396 40
606 993
993 492
29 673
65 702
596 63
525 69
240 569
531 396
813 330
300 803
716 606
358 549
487 335
969 212
128 980
681 744
82 103
45 113
568 822
254 185
236 988
724 953
643 173
680 447
461 181
673 554
586 521
384 27
134 75
3 916
229 71
211 964
582 597
877 603
586 664
881 536
223 633
699 984
290 245
360 168
802 451
824 375
53 75
401 474
167 829
25 682
485 528
416 249
916 318
264 957
337 537
319 665
216 406
968 645
916 685
847 891
208 778
687 738
869 715
781 601
143 284
469 726
203 1
333 958
448 424
156 921
71 390
830 556
848 969
990 334
354 30
981 227
909 326
109 1000
771 381
963 931
162 828
783 450
849 926
645 493
593 820
304 533
486 877
412 576
235 47
292 62
3 165
795 385
831 971
435 612
782 697
514 299
842 108
595 300
832 906
192 361
286 423
606 876
926 981
22 493
512 935
876 466
932 460
258 271
941 10
604 452
482 537
220 477
800 772
613 402
979 792
970 637
784 19
519 386
997 363
548 862
498 509
576 432
509 304
301 542
510 620
629 762
579 461
472 591
349 295
424 978
180 439
164 796
200 557
631 406
134 480
963 840
216 451
588 363
401 343
863 291
549 451
591 848
170 28
942 854
393 315
624 607
87 433
289 506
588 250
152 942
681 839
487 665
184 383
517 67
429 547
502 123
947 922
61 819
606 381
972 525
238 545
810 366
373 966
984 149
412 646
911 748
772 166
353 378
444 23
563 219
356 891
841 413
397 167
664 29
737 732
61 282
317 880
980 48
586 427
571 597
719 341
802 643
468 371
292 161
866 794
947 798
832 918
780 78
927 265
767 206
131 754
387 540
515 280
940 795
723 477
797 958
67 641
340 907
694 302
769 133
614 81
871 834
875 647
202 999
370 325
812 108
7 146
816 226
104 809
11 215
985 928
101 68
103 698
345 434
589 239
555 291
884 413
243 271
29 920
450 207
53 18
199 31
25 753
119 273
198 640
199 345
165 473
403 428
485 552
919 529
291 621
155 332
561 705
673 399
251 231
913 408
787 131
542 425
293 502
795 924
446 300
673 376
839 431
562 528
559 779
930 760
311 615
154 302
446 526
412 746
584 875
457 471
375 981
297 318
265 984
529 123
749 736
336 497
684 801
352 346
995 672
116 584
728 997
199 592
420 387
410 153
504 244
451 559
227 1000
325 411
188 901
980 409
377 116
585 111
987 399
845 549
862 605
385 79
404 221
81 824
409 833
513 331
16 941
664 969
696 384
336 650
854 972
785 895
698 168
807 510
534 274
702 656
465 187
547 901
821 302
966 969
660 236
972 654
63 175
409 524
229 179
285 97
323 178
785 921
493 254
849 110
11 465
313 109
346 992
328 555
954 739
207 929
405 681
713 263
983 364
513 672
734 6
184 106
759 261
687 600
209 204
981 891
342 207
811 468
155 296
427 463
341 13
536 925
773 912
425 34
618 889
971 27
973 713
299 934
151 687
867 171
448 107
417 988
900 331
814 273
924 337
875 229
993 370
922 146
813 679
581 411
526 308
31 894
7 550
236 680
477 152
316 368
298 26
317 553
999 13
188 877
337 400
448 983
859 567
533 954
421 523
873 985
729 81
913 524
534 476
573 570
194 733
874 107
305 348
306 751
770 318
555 572
202 940
77 304
244 359
941 455
229 501
939 143
413 238
868 63
955 343
573 796
868 668
746 304
506 957
588 145
247 358
323 174
626 813
988 644
76 334
829 904
205 174
68 762
8 325
560 274
638 559
786 972
159 850
751 788
165 401
536 219
612 78
905 42
503 175
51 470
751 645
40 581
977 968
194 400
930 606
571 908
256 689
409 457
222 399
578 255
829 818
801 580
61 837
438 679
645 347
282 530
126 634
623 770
331 386
351 975
653 977
583 144
166 592
334 662
83 402
339 124
841 194
680 64
164 113
677 90
119 436
528 404
505 725
123 770
435 858
625 708
274 768
277 175
353 793
905 930
233 291
324 142
442 71
850 178
408 161
569 938
876 610
381 92
71 768
940 967
393 668
505 928
958 679
595 875
667 694
101 222
746 133
674 358
512 373
106 356
343 113
509 873
801 487
209 117
63 150
764 993
587 792
15 723
767 766
147 331
845 160
919 953
993 661
501 858
690 847
163 868
323 138
507 505
678 512
181 104
54 494
987 521
158 995
294 313
242 70
405 624
50 728
886 398
817 592
840 960
994 604
668 413
281 819
323 424
351 797
367 563
707 334
293 465
187 818
298 377
84 426
910 96
448 437
624 830
53 610
963 208
387 50
652 638
765 475
899 175
942 275
361 918
844 529
374 492
577 394
391 392
550 327
143 823
130 402
117 226
121 231
837 249
286 625
857 731
275 768
996 862
338 160
379 948
567 817
126 195
990 424
651 506
173 114
638 382
486 251
107 754
913 571
699 470
404 826
296 579
979 838
102 43
287 911
915 686
984 26
1 50
38 594
595 150
577 871
392 657
245 529
287 401
50 545
768 860
327 995
239 247
96 367
261 497
582 515
936 657
501 909
428 501
72 343
401 647
224 626
722 273
308 210
950 257
110 98
863 608
207 206
155 545
467 883
178 706
717 155
938 216
388 185
784 542
782 361
731 259
808 740
290 583
683 164
587 906
415 785
237 455
99 58
908 662
910 124
161 579
880 293
946 432
784 539
559 204
136 366
725 52
28 260
250 188
675 963
291 970
184 634
517 344
614 724
335 285
541 578
50 95
32 958
336 229
665 579
374 684
474 802
496 538
336 847
923 319
282 429
73 96
37 389
535 138
206 260
211 494
197 207
568 941
917 326
315 412
409 983
743 116
546 528
874 229
987 718
129 464
120 163
876 682
941 482
543 50
121 575
603 719
989 502
81 217
194 920
983 152
859 918
96 506
152 444
760 849
622 443
159 603
536 34
206 738
299 76
466 695
327 378
778 434
655 840
622 149
184 107
661 487
247 66
797 231
322 242
860 649
493 944
809 665
494 507
941 840
998 827
32 30
187 797
731 338
204 820
653 633
52 832
499 210
436 423
39 586
26 423
958 356
463 910
999 584
216 73
416 936
2 476
679 442
772 232
278 369
320 39
438 587
260 939
465 943
122 494
231 128
433 329
876 187
179 797
416 633
697 984
149 637
49 313
842 118
3 216
6 681
596 57
597 288
945 327
486 929
519 555
880 263
387 710
542 670
525 468
193 875
693 786
328 174
262 353
693 643
470 516
789 144
900 799
426 598
599 429
987 283
271 578
625 906
310 236
846 466
404 97
833 945
561 98
607 835
768 772
662 480
686 282
195 77
622 484
767 709
533 125
220 648
773 430
96 390
760 877
998 411
232 198
418 359
664 115
683 433
816 798
466 667
86 912
731 429
289 242
958 276
638 556
270 202
873 637
344 333
610 632
592 19
222 338
320 502
564 153
13 941
517 109
331 214
632 867
232 271
17 443
645 201
867 121
226 83
869 939
585 198
269 229
880 508
204 574
460 656
190 633
302 151
868 671
329 219
314 609
701 83
640 235
908 787
32 998
93 131
683 514
120 799
525 22
672 694
835 898
657 422
865 219
386 212
577 719
68 470
909 776
508 525
550 570
935 776
681 697
865 52
166 819
6 548
779 740
139 133
656 105
840 278
608 786
76 506
943 718
988 37
524 135
375 637
966 628
146 957
242 786
889 487
119 632
742 771
569 651
401 777
842 689
402 610
884 276
150 720
9 476
228 208
638 195
640 170
703 833
315 896
781 951
158 206
752 809
464 651
858 141
110 54
332 84
43 907
650 177
310 679
483 81
268 899
910 502
235 560
933 959
938 7
321 15
804 940
625 121
633 598
351 149
39 530
939 512
887 334
874 699
360 721
566 801
365 608
352 705
667 410
649 955
891 760
927 377
939 814
136 593
658 842
386 9
901 409
387 352
391 280
283 691
586 56
804 503
93 24
149 806
460 977
996 863
437 275
527 702
945 143
896 629
625 743
601 648
581 116
324 227
272 334
202 515
296 580
57 218
893 787
15 995
567 214
852 472
518 441
48 133
958 753
780 829
177 336
957 749
293 862
838 223
968 180
751 139
77 706
134 17
335 688
698 500
294 459
595 612
30 465
877 690
806 630
178 707
674 220
252 432
398 452
367 993
656 846
142 969
256 604
811 490
811 478
967 231
915 440
826 741
834 184
394 841
179 501
677 350
792 604
410 387
152 827
612 216
395 701
454 216
535 705
919 358
23 429
705 62
209 847
397 120
491 101
143 628
296 85
513 584
979 440
477 414
446 927
359 426
587 143
618 767
576 188
715 291
933 376
365 870
780 413
249 949
837 220
395 889
987 739
765 1
992 795
790 66
921 273
858 892
254 49
560 974
357 776
874 226
868 305
860 523
116 161
577 977
707 542
944 508
158 842
875 724
125 429
396 587
539 164
304 860
764 310
353 546
48 16
361 239
703 699
560 187
587 850
369 971
741 453
190 341
271 956
8 732
523 239
427 146
800 616
979 728
509 626
773 363
542 424
123 240
234 827
536 193
609 797
313 328
631 344
354 420
82 887
303 365
473 18
477 554
355 82
56 405
259 280
317 498
730 417
182 944
536 526
667 292
235 806
363 237
456 985
791 863
44 832
597 28
819 845
247 919
70 923
625 355
532 681
240 975
155 150
728 84
303 790
987 801
269 930
821 725
456 695
754 728
539 12
706 535
466 272
728 963
286 575
123 907
199 566
990 327
573 229
97 20
499 360
294 723
335 22
763 731
16 94
572 35
257 561
477 289
280 739
887 890
466 50
505 680
604 332
144 851
210 47
611 765
814 834
780 886
785 712
73 718
722 37
851 315
194 586
577 419
381 152
521 755
322 741
944 198
319 198
727 197
341 634
414 238
876 941
842 749
518 224
497 788
247 352
817 473
727 186
787 257
163 571
312 223
766 89
6 423
449 346
431 734
751 929
789 708
424 904
375 795
669 110
411 642
104 144
592 771
161 447
289 354
642 535
881 456
113 934
510 928
938 145
493 209
786 861
169 555
357 753
448 316
87 543
340 257
757 631
96 946
227 392
339 706
731 70
338 296
566 683
71 11
952 875
181 583
956 691
648 100
387 216
924 401
446 629
357 354
919 174
903 869
524 542
729 232
343 601
455 654
446 98
170 522
410 61
309 809
221 461
775 572
505 362
272 69
518 509
849 701
500 43
504 46
582 89
430 794
20 530
573 378
560 519
358 883
541 988
945 243
448 565
513 407
392 149
2 916
276 363
760 206
392 872
284 782
447 706
508 492
751 400
530 423
912 118
543 100
176 30
712 928
411 886
831 441
651 15
565 589
267 774
470 771
695 222
402 611
115 464
618 874
855 404
806 760
110 213
168 262
366 67
556 23
314 486
498 75
595 587
671 486
547 812
877 717
694 909
364 544
474 224
644 392
186 668
603 69
384 695
740 170
320 565
337 745
769 583
713 790
75 317
720 54
919 526
332 420
904 317
706 249
137 210
26 879
51 308
307 862
19 210
21 800
481 599
43 680
942 964
853 247
48 834
14 91
472 142
863 450
868 468
778 572
891 925
801 501
680 738
667 492
69 474
490 673
108 112
412 433
311 397
954 301
334 982
705 194
444 18
217 408
59 461
537 554
629 468
477 71
830 725
737 206
714 114
842 143
76 927
184 813
115 963
353 970
706 974
987 567
922 150
444 598
653 294
306 595
861 387
510 243
352 253
381 116
244 443
747 292
620 558
125 392
167 743
480 273
633 461
870 34
410 580
361 242
306 693
238 328
756 397
435 65
447 452
820 610
586 588
550 848
347 80
572 559
243 355
717 619
983 103
125 859
567 356
204 334
849 7
707 97
212 833
201 296
33 82
803 594
552 850
113 780
69 545
299 499
302 822
57 197
849 376
445 822
835 338
394 532
363 597
143 435
915 74
973 448
776 946
484 659
623 384
716 38
179 500
933 803
570 751
812 864
905 322
140 505
472 479
200 228
304 754
601 124
152 98
160 374
289 292
628 931
76 37
278 218
979 443
361 624
990 217
884 580
352 349
14 627
73 149
382 873
527 847
297 477
101 719
31 788
931 794
309 914
382 248
666 469
7 303
135 890
145 453
124 919
414 311
306 484
149 938
909 928
680 312
976 671
922 285
617 643
580 273
612 898
962 753
963 312
746 72
318 258
140 577
215 159
91 405
772 850
239 21
722 209
445 662
392 542
263 261
910 960
786 690
824 513
360 20
538 719
877 516
569 320
637 869
919 995
669 280
566 128
273 559
254 684
368 619
523 383
63 398
609 796
294 214
575 35
647 726
173 927
941 821
472 808
234 843
490 862
166 28
947 825
108 267
91 639
946 451
327 184
703 429
281 647
986 627
257 671
458 8
421 599
443 692
559 226
339 775
302 377
622 582
491 64
588 882
383 118
848 527
448 157
244 797
92 708
463 95
302 91
127 916
435 566
455 971
206 503
49 392
417 684
424 613
554 723
828 406
908 478
343 667
550 623
205 662
870 136
690 354
476 105
231 838
183 227
261 787
693 562
840 218
180 923
115 70
557 99
727 343
237 551
578 997
940 252
598 744
251 759
33 312
289 918
436 803
111 99
498 36
228 141
187 699
29 93
746 465
358 907
436 65
60 821
646 212
1000 92
646 359
160 242
626 413
184 248
350 805
21 779
29 272
195 536
520 449
702 41
939 393
759 8
338 740
734 536
708 730
22 970
668 120
38 19
175 24
101 448
674 713
117 489
500 487
283 395
412 557
568 299
878 968
202 41
903 757
154 404
266 714
190 942
463 51
231 55
468 347
931 837
551 436
420 454
831 996
359 211
374 252
993 125
813 426
546 389
762 434
836 989
428 956
236 941
955 57
129 104
23 521
7 388
528 181
91 319
507 989
874 973
331 823
651 177
229 389
909 633
491 662
527 191
573 716
832 586
119 731
56 564
55 702
464 169
479 649
539 990
426 253
815 773
337 224
46 790
345 459
6 224
954 823
351 293
704 850
445 928
502 80
278 427
857 416
61 25
773 162
489 949
612 109
24 497
155 356
212 411
549 540
280 27
293 478
956 626
939 356
192 751
355 109
359 589
624 875
230 597
961 93
621 11
252 594
308 684
278 332
649 808
394 949
283 486
341 292
331 466
616 548
175 173
351 76
255 115
2 309
221 447
149 578
813 603
406 83
634 72
253 526
805 183
697 790
649 667
391 282
602 925
767 101
917 702
248 225
121 341
892 998
589 726
970 808
850 258
10 461
840 308
76 894
813 31
40 155
174 427
371 59
137 599
375 579
447 374
473 517
950 75
24 511
19 657
910 997
875 520
257 335
452 469
465 236
927 990
15 304
626 993
916 45
55 563
663 816
97 508
512 114
640 39
573 101
327 659
57 91
170 383
189 622
424 164
670 135
604 927
871 533
938 199
669 85
427 342
32 390
53 304
56 12
256 606
647 514
356 455
236 348
964 646
752 388
329 597
187 851
61 886
284 155
623 496
327 215
675 887
195 865
677 301
715 118
4 153
559 201
102 381
135 710
672 274
52 572
93 344
499 737
226 379
359 102
871 329
400 68
398 723
277 258
378 529
103 43
162 693
392 236
241 852
22 425
444 635
780 253
968 357
641 257
179 766
879 657
609 117
976 656
884 57
444 746
841 842
333 158
229 477
648 466
954 26
902 458
426 403
602 780
384 592
381 355
368 910
299 48
559 822
543 517
323 182
307 733
452 466
823 155
590 152
702 502
295 4
405 580
686 687
948 107
873 868
586 252
880 415
772 512
479 840
264 823
459 148
795 606
333 691
523 463
284 473
2 866
109 76
60 624
697 289
19 269
41 325
795 892
319 582
511 814
757 514
153 684
575 657
722 967
743 755
445 428
302 271
818 257
506 170
182 801
78 729
478 204
174 837
446 558
986 739
308 523
207 263
689 524
709 705
948 603
736 609
588 706
420 92
465 573
157 927
504 165
26 904
288 678
199 560
813 308
1000 324
709 483
361 653
2 31
244 222
262 469
50 819
894 176
76 823
348 12
738 388
187 118
448 602
168 585
858 624
965 316
471 154
543 19
984 858
206 120
626 583
976 922
703 729
121 841
682 580
4 616
156 419
67 8
933 725
272 852
850 673
551 251
167 242
61 619
613 910
33 138
535 839
113 932
152 552
618 935
312 942
422 151
412 409
655 79
710 472
914 55
271 342
511 893
22 600
846 734
939 392
189 233
359 697
825 481
40 871
866 207
867 122
479 352
136 346
924 403
339 693
252 958
734 494
882 549
667 435
559 129
715 399
553 56
936 432
900 299
387 504
6 105
383 506
541 696
838 90
1 415
442 379
574 284
615 908
352 532
983 680
785 511
163 447
809 497
858 352
335 869
49 4
33 927
841 32
969 251
538 64
666 189
409 908
963 469
546 599
163 157
830 911
124 423
704 407
444 222
963 354
680 384
366 871
811 950
519 505
73 633
437 248
366 214
917 206
171 420
190 384
137 276
252 201
290 490
698 479
826 136
114 166
122 685
664 483
252 56
949 206
199 483
366 48
96 532
596 917
578 744
1000 42
341 894
547 703
824 280
272 975
760 618
924 819
695 484
801 56
758 189
863 302
977 927
9 925
892 238
307 160
916 590
276 749
853 245
915 879
912 745
571 940
231 23
280 337
919 494
387 169
298 500
985 86
53 622
809 896
776 215
479 324
338 600
794 138
912 407
51 69
108 114
805 84
807 522
352 708
317 794
174 893
47 497
597 711
495 610
553 20
404 997
920 828
334 583
923 166
942 390
746 527
490 321
24 917
97 225
581 351
89 96
783 707
571 473
664 677
603 936
801 928
4 787
469 786
642 100
715 614
111 625
465 295
193 848
909 954
913 575
2 886
524 215
875 749
125 390
608 928
167 737
461 900
994 536
913 710
188 691
138 72
927 840
985 273
509 777
256 19
632 260
650 495
355 639
138 219
498 109
480 992
194 850
995 444
252 435
414 966
164 829
248 57
980 362
373 609
73 495
911 11
184 194
20 424
406 577
298 182
85 142
714 766
70 406
173 859
618 782
490 993
100 604
672 53
89 485
334 897
494 940
585 581
604 834
701 39
425 884
544 238
123 627
810 609
948 914
278 75
481 61
13 438
406 563
826 41
124 587
277 257
248 143
857 571
676 217
998 23
520 933
405 429
443 86
467 216
620 878
90 737
197 203
490 71
663 290
888 462
542 561
661 744
174 341
975 365
512 531
106 390
23 673
392 689
928 835
251 636
859 893
493 471
93 573
96 271
149 251
354 895
154 675
785 771
817 434
211 927
15 279
916 450
938 390
488 391
50 376
694 843
401 496
96 732
351 380
341 822
90 502
626 228
416 882
739 991
736 871
707 381
947 650
710 675
644 362
645 63
151 938
407 284
491 281
271 381
735 184
916 518
900 131
974 79
1 895
326 359
700 560
792 699
105 937
763 144
47 75
92 928
141 859
866 155
630 160
67 401
503 522
661 100
512 290
313 890
979 496
373 42
13 73
969 275
224 438
460 846
197 397
418 618
715 704
844 932
461 520
995 592
500 210
600 128
709 482
840 623
468 432
978 829
71 757
827 891
140 946
489 208
804 153
457 818
758 960
617 748
966 765
988 93
609 400
276 136
831 561
558 475
504 354
534 320
595 850
138 433
712 22
180 532
595 76
517 755
475 646
811 986
877 423
704 682
355 550
484 130
727 198
802 251
640 194
487 777
39 192
33 431
353 309
66 257
846 867
262 816
411 534
102 563
312 81
699 591
817 696
782 442
712 466
569 47
458 406
241 110
114 500
265 462
657 572
415 836
489 872
629 945
458 505
792 505
976 374
28 59
30 601
434 382
201 601
477 700
97 235
556 513
564 20
236 197
985 234
906 191
342 569
827 731
277 758
204 570
761 339
700 731
691 56
726 514
433 361
315 141
813 646
45 796
825 69
897 683
899 485
154 180
818 239
253 842
220 181
165 532
337 503
837 34
732 792
236 943
457 814
651 290
728 623
250 767
533 842
920 257
3 615
722 117
245 568
727 388
806 797
31 290
733 900
592 536
851 763
319 882
450 370
492 729
589 197
519 158
775 304
502 518
768 2
589 86
117 885
617 149
485 429
214 229
859 240
164 794
897 930
43 911
885 908
18 323
420 755
994 712
812 601
248 986
856 537
146 31
632 788
246 340
653 556
526 778
944 367
240 221
151 835
687 893
579 924
818 764
302 469
947 992
198 346
285 943
8 162
246 118
981 129
523 581
987 387
516 26
517 367
729 201
827 596
934 904
11 547
931 658
842 59
373 147
474 735
582 41
418 658
36 69
178 907
431 79
597 676
818 147
947 461
932 415
478 705
318 826
373 437
803 138
883 376
962 889
779 405
504 299
270 808
163 184
419 258
681 955
370 492
426 554
53 548
414 11
346 325
47 828
506 911
380 773
113 551
246 837
335 700
618 312
711 773
829 858
624 822
879 160
316 738
336 224
458 607
792 275
388 292
830 463
522 900
161 356
899 562
275 236
631 225
958 19
491 452
160 60
804 893
414 737
649 851
866 402
425 200
283 166
964 791
550 216
592 366
683 953
833 116
247 798
175 109
602 315
516 111
458 986
458 19
499 965
282 869
247 911
218 208
877 8
493 523
701 38
558 913
504 796
677 13
643 245
258 141
369 662
904 743
10 826
417 966
213 621
141 192
336 836
841 157
789 421
942 283
894 373
264 414
197 747
166 895
500 925
728 696
586 826
592 707
449 822
121 593
489 21
681 919
759 814
243 293
768 829
208 330
998 353
103 583
507 326
881 629
863 941
55 736
169 689
253 297
426 288
285 123
52 410
312 199
648 673
974 377
857 847
355 747
25 727
355 888
177 828
971 418
83 866
85 304
363 831
216 385
800 618
497 424
427 453
543 915
507 883
648 253
777 479
482 79
789 643
255 326
881 147
844 481
203 491
62 290
710 510
30 796
878 576
222 36
347 349
26 467
892 855
758 510
504 969
213 815
342 653
827 559
40 171
188 99
143 223
555 964
601 462
303 786
639 963
531 503
71 470
828 179
791 57
204 757
923 353
391 463
678 469
519 979
633 78
940 529
35 206
789 398
629 58
172 333
50 817
713 119
127 813
149 971
187 136
965 98
561 20
727 483
49 248
267 129
345 673
915 749
918 992
101 164
29 647
904 359
124 267
286 14
999 404
733 959
224 721
975 614
717 855
450 367
750 674
852 271
609 738
179 632
920 115
33 430
821 445
436 989
552 926
241 259
59 638
940 285
581 541
34 816
419 790
578 309
650 134
837 820
881 460
223 149
540 761
668 294
338 961
160 245
786 857
787 80
200 790
330 685
403 317
645 18
259 747
815 422
598 18
490 919
588 92
437 632
796 49
446 750
123 367
17 446
971 61
848 960
577 134
208 559
908 440
221 295
916 889
870 668
818 827
486 661
464 658
561 277
970 206
532 841
473 129
382 853
151 482
373 190
8 787
509 334
680 70
280 596
117 185
799 91
69 38
474 918
861 10
220 182
261 852
188 980
28 781
983 539
710 817
949 743
736 220
292 874
422 809
704 378
633 324
263 27
84 532
436 453
789 191
992 37
613 411
888 118
174 509
492 820
989 392
2 690
756 437
828 522
388 655
244 321
48 476
642 895
380 897
16 634
181 336
826 39
188 728
342 333
576 589
988 759
354 663
595 591
391 554
30 510
363 847
90 141
328 538
807 226
479 268
854 347
952 463
751 961
493 994
220 297
463 886
213 419
553 606
700 923
217 348
792 470
902 623
156 69
207 427
131 257
687 892
440 855
947 995
183 557
135 583
333 812
23 435
838 267
160 366
808 330
537 780
773 756
501 975
500 454
526 468
840 891
568 768
151 401
103 683
211 250
670 919
75 603
339 770
154 102
447 959
103 9
549 191
399 824
143 569
192 332
600 377
433 118
555 975
814 496
814 239
893 701
223 132
785 618
879 638
2 884
258 746
277 62
206 204
484 406
582 347
529 621
552 282
606 621
210 745
529 766
513 145
113 597
745 152
660 215
664 146
63 176
546 202
964 205
693 265
39 133
327 767
664 1
223 446
189 762
744 367
43 206
950 283
661 348
111 277
274 630
817 630
217 652
731 488
492 476
994 634
152 755
173 951
781 696
159 784
346 809
351 56
833 297
944 606
319 734
769 917
274 77
863 413
901 240
283 716
834 181
998 992
838 597
491 314
734 650
990 784
807 714
539 360
722 990
338 683
139 806
69 553
216 115
662 598
437 801
813 922
669 662
585 587
330 86
863 192
757 845
888 532
748 469
210 814
676 485
839 859
473 614
607 207
539 39
600 55
448 804
361 517
287 277
278 961
37 496
260 723
980 194
193 886
1 453
872 806
980 305
575 238
508 562
129 316
511 425
387 609
227 894
694 402
201 287
42 797
671 102
339 393
729 785
659 870
638 508
607 784
497 513
314 201
243 37
426 527
926 432
68 88
486 507
380 858
20 923
93 571
280 72
393 815
855 491
432 771
548 465
816 503
480 543
941 766
923 927
590 159
85 477
655 801
289 232
453 949
129 519
669 133
602 216
233 603
455 204
539 697
229 575
88 717
161 263
470 267
843 879
354 266
682 163
423 899
136 67
651 612
428 795
838 550
506 471
967 198
968 736
902 567
839 392
71 34
329 455
381 902
679 291
645 223
152 796
687 820
801 433
808 371
478 179
575 739
725 210
601 92
32 865
206 251
326 7
296 54
450 882
300 614
373 40
946 176
913 953
515 925
643 208
59 265
499 766
701 811
376 482
533 594
384 471
934 691
97 408
261 895
227 781
490 185
189 215
728 661
694 382
235 391
195 607
55 289
737 330
741 258
44 54
135 393
449 898
746 168
747 625
573 789
668 867
155 848
446 643
214 509
315 356
687 511
813 157
647 387
336 395
781 909
195 448
414 866
773 313
647 272
150 808
467 832
622 200
768 215
503 397
424 909
985 300
237 103
826 580
755 470
848 20
557 692
155 668
751 446
175 21
694 631
247 163
602 478
985 462
679 374
145 128
716 249
597 74
502 134
827 733
19 520
17 50
104 768
758 503
56 574
467 218
733 924
714 889
351 948
957 451
321 609
718 656
280 550
813 644
705 283
783 744
628 645
624 292
366 665
827 153
87 990
116 448
157 192
208 238
55 103
292 875
21 179
921 125
794 501
297 827
465 329
837 433
272 503
96 235
461 925
923 648
140 694
984 939
149 192
479 713
244 322
789 779
896 171
469 623
336 472
209 110
357 446
711 803
358 585
38 587
439 648
426 249
747 891
252 59
474 237
475 860
846 893
48 650
507 111
128 274
940 326
920 878
781 659
345 233
755 434
118 502
584 522
569 186
39 298
612 248
208 750
571 929
242 123
479 304
407 183
288 293
703 986
863 94
339 376
905 442
182 748
178 486
411 350
769 653
969 344
877 447
365 747
222 140
425 686
941 940
117 235
580 757
138 811
576 116
434 646
348 64
684 746
461 863
558 55
309 924
34 467
732 254
418 882
515 256
310 396
6 917
396 605
720 685
901 462
617 827
33 666
654 996
275 709
133 687
312 63
375 972
600 694
51 810
181 179
169 77
59 731
279 982
566 14
360 870
726 448
673 820
731 122
824 328
772 552
467 888
859 222
91 840
57 200
924 786
303 343
74 525
204 184
811 480
437 348
545 220
116 57
415 798
805 595
203 112
593 680
846 746
942 997
66 808
284 151
655 384
753 34
7 716
768 471
562 39
691 340
782 61
109 791
526 6
602 680
253 716
35 617
348 736
165 918
648 432
723 980
10 937
529 115
363 37
853 714
72 625
116 282
192 314
13 260
141 335
827 848
6 599
188 814
337 428
836 898
853 556
159 177
894 152
785 452
474 591
378 816
119 875
497 295
466 219
339 283
73 331
491 564
112 687
319 458
233 141
291 365
43 508
119 649
101 142
449 933
430 672
241 571
46 624
30 21
512 308
971 745
578 525
945 762
214 321
453 803
152 306
747 835
87 162
335 639
818 592
187 520
577 128
747 976
215 734
412 322
938 167
208 904
691 613
839 357
696 909
74 221
18 137
806 374
331 82
88 893
860 823
422 254
740 333
668 226
431 4
770 654
347 797
44 943
799 809
929 635
948 257
147 546
23 463
762 978
140 361
838 336
417 980
469 485
382 940
112 176
792 860
227 705
377 44
499 955
987 807
144 251
793 738
166 556
919 102
836 704
231 14
982 962
325 69
642 265
553 226
206 504
443 6
83 111
957 112
602 849
776 175
318 865
980 342
513 397
842 339
443 228
300 171
194 674
339 311
343 263
606 667
886 115
650 753
742 75
944 414
489 503
586 943
825 621
628 102
812 157
7 189
124 261
661 64
85 670
966 59
953 130
94 836
993 754
513 875
623 112
493 107
630 852
941 899
837 818
894 957
760 712
750 928
467 673
269 427
787 82
807 943
403 349
77 590
298 141
248 816
356 411
985 461
18 124
420 952
937 338
375 286
87 650
329 482
350 72
763 177
781 306
175 39
460 655
513 191
337 839
1 753
697 908
292 464
455 644
258 192
683 673
857 854
74 104
918 471
25 356
830 547
192 243
410 182
726 624
583 281
969 413
453 244
224 196
53 131
11 742
13 332
325 458
555 997
258 405
810 838
478 744
314 325
232 734
269 563
129 480
408 169
10 421
102 7
12 283
470 571
399 629
183 194
592 912
798 293
600 556
341 710
989 946
106 477
687 302
606 518
889 530
876 888
717 316
521 529
115 470
442 496
65 701
927 993
307 744
197 708
91 65
932 905
973 99
849 829
265 188
160 966
68 695
180 265
346 49
475 863
612 308
480 951
392 313
15 505
678 651
769 749
224 84
366 423
705 751
885 905
834 909
122 907
798 685
536 831
898 954
631 286
759 453
946 674
847 873
641 728
532 299
810 53
114 358
631 143
218 315
104 372
123 412
485 797
179 414
716 14
593 732
450 768
619 604
231 402
35 767
535 698
719 3
169 101
740 660
818 842
411 160
712 782
791 925
26 265
559 161
706 695
320 102
28 431
340 105
352 695
919 57
27 865
321 588
123 984
975 400
55 164
455 910
222 943
559 372
852 482
874 358
488 565
514 183
135 157
282 371
945 17
875 848
567 190
520 747
181 411
888 37
379 342
874 24
366 916
922 338
206 125
361 49
376 872
638 64
825 677
932 719
682 742
864 141
249 336
56 981
241 495
3 866
423 85
458 163
802 62
20 231
403 217
974 61
298 769
11 428
930 218
826 283
55 264
171 162
289 179
454 535
52 786
114 424
248 906
971 264
916 209
735 127
155 327
251 254
548 962
60 472
333 65
36 593
952 186
810 184
731 956
639 565
970 290
53 590
936 366
682 382
630 344
153 580
117 315
689 650
544 115
876 56
593 986
136 741
84 27
126 442
519 859
922 931
995 683
818 80
625 197
359 48
940 225
102 274
547 483
359 129
418 693
310 335
920 49
760 302
927 468
292 861
511 427
885 378
944 356
752 989
46 663
582 325
585 487
606 591
845 941
367 473
722 56
741 748
888 176
281 262
279 791
582 468
661 43
820 588
582 615
81 394
592 739
372 615
603 485
691 778
590 157
186 751
405 591
599 81
929 77
640 24
989 769
276 988
575 216
323 142
523 373
321 317
548 768
312 40
609 790
976 207
273 613
797 255
146 62
195 414
493 936
760 726
539 552
481 544
596 767
941 832
735 839
284 69
342 823
659 115
365 366
369 875
284 262
763 39
411 74
303 72
674 588
678 12
346 557
682 451
558 726
999 576
342 529
532 705
247 503
316 180
253 751
804 705
39 928
227 704
598 433
989 787
108 197
376 447
494 942
779 530
118 874
691 254
857 746
35 354
844 928
148 616
889 57
103 83
914 690
310 299
771 199
596 307
978 257
945 200
763 833
505 689
604 331
547 415
187 141
387 607
923 561
817 22
980 454
569 917
733 154
92 6
466 119
900 775
836 133
342 567
92 181
920 344
759 783
318 723
138 445
688 412
984 863
859 861
915 607
615 440
198 916
272 826
718 302
711 718
660 120
410 373
815 732
798 906
671 408
831 890
87 321
215 780
329 933
91 770
114 97
286 448
668 434
119 208
981 693
716 390
735 506
720 65
423 976
890 625
713 972
346 751
114 323
227 32
283 242
313 155
57 993
494 526
759 6
134 687
764 376
880 357
551 314
240 4
95 142
706 289
799 780
678 394
736 804
420 159
726 72
689 722
373 921
669 604
126 611
491 34
202 83
974 653
700 950
294 515
978 560
979 377
469 14
363 434
239 689
644 797
629 505
353 54
227 589
925 788
948 683
322 383
899 489
387 669
995 624
935 732
162 647
236 532
754 985
295 673
296 515
232 735
250 648
913 598
756 146
111 830
630 457
354 961
488 775
641 509
439 996
388 650
262 103
530 975
608 231
241 450
665 352
444 909
708 66
271 844
204 289
122 694
246 59
96 553
78 489
502 693
867 115
358 937
902 832
500 885
695 667
354 359
462 874
467 700
503 138
552 670
179 368
622 964
610 532
189 151
27 292
394 861
290 794
973 567
44 993
151 863
980 327
307 69
625 194
202 149
438 674
631 940
422 42
691 491
937 1
30 859
990 85
147 605
187 664
796 822
134 949
653 923
218 842
681 156
884 623
425 684
154 498
11 551
728 19
435 455
757 854
438 954
150 110
830 732
724 71
852 124
211 108
822 604
19 885
828 485
282 449
911 395
748 332
737 37
141 539
831 663
297 644
620 918
589 673
680 323
332 718
124 402
210 238
67 651
267 125
729 826
651 211
287 775
916 213
917 124
594 27
179 356
134 126
335 523
674 387
281 572
399 366
348 390
24 116
304 529
228 252
923 948
967 667
219 403
536 463
702 476
8 552
480 997
662 668
56 820
690 231
973 151
575 167
116 696
246 635
872 54
114 425
575 52
703 67
363 827
329 718
790 845
916 760
705 891
964 652
521 89
303 183
951 875
713 719
443 560
616 360
340 168
322 463
945 630
749 436
622 706
145 78
311 633
465 809
523 869
622 685
127 241
623 732
681 61
754 605
956 993
134 913
451 763
268 483
896 924
516 137
26 157
549 207
75 632
404 530
376 457
657 358
344 615
642 466
718 633
909 840
970 886
254 466
390 327
103 268
590 520
718 283
495 166
81 822
614 152
63 610
466 872
327 809
868 531
154 573
512 647
693 806
733 855
37 960
298 704
371 906
320 904
817 292
790 115
345 619
396 929
988 779
661 155
76 461
940 166
924 547
932 414
285 119
346 71
384 808
299 71
581 549
530 569
158 270
713 757
536 90
609 932
209 342
68 543
198 730
664 318
21 911
89 185
34 522
881 437
934 441
421 218
795 965
725 268
640 726
290 979
321 975
639 603
624 736
327 177
865 522
658 762
886 160
959 572
527 216
910 208
883 986
40 768
627 836
496 450
153 551
649 874
120 558
818 787
636 526
875 334
857 975
428 239
58 458
884 560
242 425
676 260
587 163
481 92
835 913
870 81
73 186
18 621
239 525
577 762
852 436
29 453
987 711
499 481
372 17
27 630
980 336
874 191
380 709
295 525
393 541
943 573
729 705
270 885
633 296
405 174
337 168
120 200
46 688
374 845
824 710
608 109
112 860
133 596
577 806
194 578
546 303
860 179
989 465
223 733
500 514
964 241
512 274
509 716
560 46
569 336
56 893
539 888
389 45
750 384
77 217
494 761
759 370
437 674
20 510
7 656
616 447
449 124
458 224
929 842
605 921
367 662
5 511
892 311
895 624
765 172
387 846
908 599
393 486
290 870
188 317
960 270
153 601
89 288
92 897
2 441
635 381
429 982
856 126
514 585
456 588
773 557
922 873
979 376
317 865
878 516
880 211
681 390
356 936
819 272
454 341
457 247
387 668
995 627
687 265
525 414
408 676
718 433
790 2
404 953
523 119
816 393
961 720
727 701
488 618
768 556
309 580
382 394
845 530
166 955
371 183
906 662
219 891
295 390
704 493
816 247
845 165
884 523
200 156
864 227
59 835
119 627
979 658
453 711
42 754
498 496
850 861
118 3
210 444
673 956
855 428
677 924
181 205
590 171
299 126
800 569
566 208
308 192
492 613
219 295
937 752
262 785
863 647
21 598
316 586
928 628
460 484
817 735
195 735
161 339
398 96
114 277
183 793
976 850
118 501
565 186
434 396
507 846
882 782
412 507
30 958
344 417
164 628
381 986
921 855
226 925
133 447
743 321
252 617
292 272
809 906
985 201
353 105
753 869
353 375
279 107
827 619
455 618
590 208
648 358
192 162
690 225
552 194
571 622
495 574
335 33
609 128
234 706
991 618
171 941
244 237
316 306
672 602
13 366
396 378
812 720
680 181
644 528
295 580
116 39
903 261
101 437
266 858
608 823
793 107
701 562
843 663
728 592
968 479
702 784
940 925
11 115
569 573
327 981
441 178
168 662
688 93
524 307
466 935
53 737
256 233
771 730
522 220
206 797
200 406
539 947
298 783
885 841
134 153
194 172
13 555
751 112
539 800
612 298
596 951
480 853
156 272
468 546
200 628
365 102
590 417
441 878
693 88
881 392
720 10
207 756
777 85
714 760
454 823
492 254
899 582
578 27
338 788
446 731
69 644
184 294
882 645
804 892
984 205
605 739
951 923
734 281
865 606
347 931
481 341
264 301
28 286
472 400
273 161
292 411
313 864
235 756
752 71
164 221
792 560
277 410
179 726
26 154
671 558
710 192
782 717
508 872
75 635
129 61
136 965
839 238
348 944
866 821
914 34
34 387
721 571
163 917
945 51
694 406
222 471
223 986
810 943
779 436
853 779
271 624
917 46
77 257
686 357
285 340
90 956
37 975
884 294
388 579
502 103
817 347
626 651
270 555
975 268
661 154
461 132
394 826
172 825
823 762
356 61
907 647
237 238
627 410
758 745
82 989
48 597
985 724
610 763
592 914
129 692
941 813
484 808
346 777
844 56
296 510
955 881
170 475
977 985
962 563
322 270
195 548
144 562
911 922
952 233
227 407
350 83
761 456
743 744
635 483
899 832
810 301
317 235
209 930
759 933
218 656
40 144
413 164
796 895
265 993
342 753
314 706
611 808
739 383
887 559
279 812
219 125
235 204
753 527
19 831
353 921
192 281
412 790
815 4
440 771
538 196
928 766
637 538
913 616
879 589
918 155
885 348
379 743
34 278
162 323
642 217
815 35
55 396
81 785
29 529
581 964
387 390
768 879
676 808
453 593
432 852
965 438
659 759
181 327
302 905
230 243
483 611
472 720
256 209
648 755
370 19
740 82
707 144
289 31
891 505
295 33
632 433
116 578
959 14
981 706
551 878
694 809
864 922
263 660
638 602
545 40
817 771
748 625
506 388
948 83
119 727
390 618
138 721
378 186
295 881
627 517
575 301
333 946
599 443
435 94
787 821
41 59
459 868
384 756
587 96
536 738
406 476
748 53
877 471
405 674
313 920
98 414
874 623
729 352
508 801
509 472
158 574
774 858
614 613
540 344
74 230
849 692
596 78
301 61
432 308
220 179
980 237
746 839
381 547
590 748
258 259
438 828
281 162
927 63
470 574
197 798
722 111
509 275
978 289
382 357
975 720
353 609
7 162
698 926
452 371
544 849
285 397
177 524
34 911
592 685
440 458
360 866
928 623
712 278
877 708
199 472
237 805
589 80
269 750
332 255
151 661
613 90
225 905
321 330
28 801
565 999
603 92
308 112
223 359
960 943
333 739
195 734
63 349
974 781
901 83
797 165
673 511
820 122
930 518
454 968
75 389
627 624
351 80
35 787
640 671
623 484
455 438
972 284
924 95
620 302
269 174
735 15
57 620
296 212
593 610
782 15
35 625
805 93
936 260
690 281
942 286
619 389
641 881
235 118
507 653
977 547
600 32
123 989
16 497
749 641
741 817
451 575
13 284
608 746
992 777
106 445
207 26
248 233
606 820
510 105
831 657
968 369
469 908
163 209
633 289
392 711
780 160
339 496
927 19
806 928
745 242
501 547
110 412
684 411
423 449
150 539
428 345
431 970
380 774
362 725
333 468
7 791
279 978
346 568
238 435
20 226
445 619
307 630
660 50
552 859
699 540
497 164
578 711
190 129
322 9
397 601
380 247
958 259
562 851
985 188
372 851
412 58
330 988
659 725
859 323
952 95
237 43
203 231
76 111
294 50
811 484
491 455
982 399
394 748
307 133
270 59
610 566
797 152
848 879
359 617
285 582
325 553
805 287
327 207
226 958
136 394
175 107
985 187
325 954
142 352
244 526
562 663
818 877
202 6
421 376
278 211
135 574
887 725
856 399
397 255
261 316
239 890
863 839
957 263
944 938
541 712
139 392
94 46
842 89
588 549
520 193
87 821
758 311
116 358
813 712
249 835
603 796
875 19
912 39
35 216
128 598
236 719
628 947
797 884
889 147
407 520
983 617
35 569
238 21
310 509
367 260
686 136
382 451
993 814
478 822
85 932
267 155
234 218
665 60
813 140
671 299
498 91
478 749
863 794
384 12
646 820
370 157
64 804
928 713
690 552
68 980
986 371
744 289
944 163
569 314
259 838
868 962
190 210
472 531
218 59
293 555
575 197
479 438
136 910
299 359
686 913
964 595
574 918
933 742
407 277
209 630
605 804
894 871
327 34
207 632
652 731
835 599
947 945
507 998
200 990
995 925
425 407
545 990
819 235
273 443
866 146
829 30
409 467
545 591
486 739
322 576
363 116
550 472
796 888
286 666
303 792
326 139
24 933
465 565
373 164
984 375
239 527
735 650
991 540
650 776
170 830
157 776
585 213
892 951
917 766
97 403
337 396
407 556
288 924
54 978
383 514
793 34
421 801
784 363
453 592
590 947
186 61
224 888
940 102
867 990
708 474
772 831
646 784
687 615
595 968
688 102
693 475
56 912
639 894
751 58
635 981
176 424
958 243
445 772
907 563
81 953
790 920
40 622
459 168
207 830
70 514
308 435
735 372
670 441
118 286
100 829
450 860
469 224
98 202
298 280
264 136
468 936
341 422
914 190
164 417
554 233
403 355
406 354
133 490
597 85
411 216
855 669
182 217
255 497
83 320
501 81
139 754
892 646
605 603
398 625
296 23
266 755
356 987
417 869
236 369
109 765
595 330
380 677
982 994
987 692
552 119
472 190
878 819
257 781
258 510
581 244
230 482
175 615
895 404
989 79
205 544
353 789
562 227
36 270
495 875
324 1
271 570
182 99
755 863
901 927
794 353
245 513
980 596
966 530
419 508
849 375
43 312
262 90
634 979
393 793
410 665
50 640
823 799
209 197
704 653
173 757
393 874
72 295
974 264
243 318
546 19
660 31
682 947
408 26
685 572
265 49
256 476
739 911
82 930
359 870
738 169
661 22
972 63
316 571
133 155
282 711
50 755
941 884
925 367
14 182
91 513
844 65
991 242
191 506
235 698
808 530
368 25
106 677
991 400
236 77
139 641
213 880
469 486
696 278
994 7
153 541
822 817
790 339
896 802
552 196
199 611
582 605
117 246
913 789
321 713
488 569
857 592
1 364
438 219
610 296
131 737
193 808
482 870
729 654
111 750
828 710
23 548
747 286
140 704
289 666
660 511
340 120
28 894
86 555
272 615
205 439
8 973
480 666
24 190
500 725
695 308
862 799
298 890
866 846
590 931
306 909
415 309
811 183
578 597
959 496
655 995
260 321
150 981
124 158
511 590
939 157
616 62
673 41
972 35
367 603
5 420
959 807
75 770
74 665
827 742
619 687
907 857
108 670
164 618
294 797
93 241
578 136
446 680
430 301
69 531
622 705
952 813
607 23
725 585
327 961
61 111
666 662
633 857
429 796
106 955
966 205
71 491
59 483
829 219
44 629
74 927
559 54
705 572
58 553
900 634
150 9
633 955
136 267
245 389
796 571
809 366
162 603
879 954
37 393
330 389
871 509
500 117
102 225
305 438
822 686
418 800
729 476
249 668
645 731
262 256
512 747
729 795
16 922
290 217
737 288
495 16
484 263
121 715
158 960
180 568
860 170
843 673
530 786
38 517
699 861
354 742
870 294
391 731
730 893
627 495
955 548
24 194
108 968
308 186
402 835
365 248
41 516
351 356
834 862
673 68
530 583
124 162
274 137
220 845
294 204
9 76
318 198
468 695
568 221
166 10
919 584
167 295
759 393
173 806
892 302
87 524
768 414
648 228
132 116
672 250
928 84
861 714
588 902
915 334
609 687
403 546
100 768
985 150
866 501
36 704
554 133
496 453
61 115
724 309
523 898
619 937
175 255
123 678
197 339
566 996
443 831
448 151
800 380
840 697
257 951
865 346
629 481
968 748
690 167
943 875
49 131
32 581
146 88
383 350
620 574
202 364
837 54
250 624
970 873
322 348
478 640
840 373
988 85
456 126
879 766
340 976
345 682
976 516
656 694
508 161
275 499
868 641
581 740
713 436
253 339
769 506
882 293
534 698
811 867
370 17
510 408
997 847
360 7
363 856
256 322
591 556
358 897
380 201
273 513
954 648
8 370
445 771
617 306
100 799
583 541
913 176
967 898
882 918
792 338
354 351
482 264
190 41
228 356
156 201
731 327
223 35
762 691
134 528
905 433
32 54
187 914
60 412
860 904
192 780
818 720
873 651
697 693
682 419
444 94
687 982
209 839
787 932
630 178
135 752
924 283
176 190
601 386
231 331
759 229
224 507
938 619
544 831
444 240
136 673
287 346
549 51
127 27
678 409
531 366
182 718
157 890
266 477
639 188
36 41
257 780
476 176
993 378
101 525
656 214
875 986
737 29
813 416
676 104
804 165
399 707
384 312
166 958
336 545
764 673
286 179
822 257
436 580
758 599
337 137
406 474
684 433
194 933
780 924
530 971
231 578
424 818
660 314
254 929
917 213
42 753
228 196
376 559
346 139
384 868
648 657
760 661
281 540
588 443
448 858
21 738
479 890
775 441
320 657
1000 19
854 338
892 1
711 575
90 7
775 462
209 403
872 109
764 75
639 937
548 836
458 519
539 615
740 44
526 867
854 60
871 729
159 970
109 11
517 36
921 939
169 846
958 462
269 347
200 904
330 859
946 929
576 543
503 420
341 441
605 668
311 529
188 476
730 395
895 887
770 994
883 919
245 730
866 91
408 863
174 12
175 183
499 527
857 693
514 366
993 496
164 11
222 769
724 67
852 120
534 203
516 439
187 491
762 365
379 835
534 183
37 613
519 673
866 671
480 462
816 424
596 938
675 511
823 47
618 111
721 621
595 52
292 207
194 743
620 545
806 934
988 29
770 328
239 149
632 47
707 959
733 847
38 655
93 720
186 498
812 98
299 177
851 508
300 398
713 483
509 768
292 762
201 907
99 540
983 120
402 717
534 610
280 273
485 376
350 574
389 98
678 817
433 946
358 841
971 446
846 978
445 843
318 43
806 332
849 348
240 354
369 834
285 974
835 637
503 283
929 736
108 425
253 196
808 527
75 48
921 816
403 521
138 559
579 608
526 153
583 920
341 349
269 208
652 535
969 749
142 273
255 392
610 137
147 637
576 793
779 924
839 848
330 160
605 783
834 169
235 229
990 343
248 777
67 640
136 968
729 463
804 31
54 682
989 5
816 303
447 553
582 156
822 687
783 863
842 313
252 758
591 102
723 22
121 488
693 690
816 291
999 338
837 371
180 906
641 392
161 596
138 386
251 631
693 596
932 744
960 226
297 959
964 640
664 245
573 891
632 297
150 660
528 430
310 942
350 651
43 958
405 699
137 53
545 400
88 549
894 907
218 168
114 457
591 873
433 815
335 549
459 31
591 798
522 819
854 100
804 921
298 290
485 990
446 762
857 49
179 477
312 762
757 520
649 797
825 747
731 905
127 256
917 824
94 91
350 481
135 655
597 32
95 797
957 440
580 789
157 996
605 486
53 847
740 911
120 784
853 744
137 745
456 306
329 4
610 399
497 392
973 788
45 832
836 605
709 489
305 19
857 542
16 74
589 771
220 170
827 882
921 249
813 443
462 155
366 147
853 970
693 869
395 238
83 251
202 764
63 573
232 631
283 917
44 729
435 846
225 422
44 158
372 307
46 692
654 823
548 286
440 723
202 990
223 840
813 238
825 736
842 654
99 967
25 1000
634 812
344 855
788 67
493 323
756 383
258 894
152 485
685 837
674 54
358 567
255 857
720 280
702 408
258 785
725 601
617 160
260 282
329 825
809 615
406 919
562 793
688 420
742 747
749 197
496 181
369 185
189 142
338 840
433 676
499 728
939 416
905 310
344 120
606 368
769 839
493 681
630 362
247 990
820 310
217 287
326 459
889 269
579 57
193 262
636 558
679 546
614 649
788 964
710 252
127 26
184 686
439 398
199 487
867 467
406 61
889 46
844 968
610 403
538 180
97 76
261 971
260 658
745 616
213 670
110 826
607 546
888 416
968 498
987 596
314 950
709 239
68 249
840 146
720 696
37 674
907 4
896 307
769 59
382 360
572 680
115 47
922 459
386 345
929 302
682 558
683 379
869 92
907 371
937 323
950 311
540 567
14 248
251 906
145 155
368 686
586 549
333 736
336 140
941 993
947 604
394 612
859 376
471 630
19 113
208 854
905 112
51 256
87 582
787 116
424 654
846 657
958 463
338 812
155 494
670 451
631 193
179 484
201 320
805 376
772 119
761 532
545 811
912 626
416 865
456 910
457 347
810 337
208 515
374 432
269 63
235 986
970 686
53 741
554 858
496 270
919 198
562 321
260 975
840 867
362 491
839 879
184 731
918 282
187 268
683 643
939 797
62 732
670 927
35 336
990 376
882 779
779 593
736 402
296 787
121 354
430 31
16 146
201 154
103 372
239 438
311 69
993 150
98 626
712 746
196 411
289 559
474 741
680 328
422 845
873 313
177 498
327 832
37 838
612 914
426 531
14 26
340 777
767 930
860 192
94 996
976 973
613 264
116 880
725 846
319 189
102 775
251 731
440 378
93 576
632 270
81 120
464 128
375 890
893 249
489 723
487 840
716 662
518 602
206 656
299 94
392 332
122 727
242 156
389 97
851 842
566 291
679 64
539 725
756 597
271 649
427 323
601 908
843 891
146 489
590 468
740 449
677 496
159 937
826 758
611 372
152 921
706 64
688 763
907 859
457 360
423 757
754 455
252 973
444 91
395 569
175 895
554 830
701 61
83 378
981 285
844 555
313 981
575 981
943 849
302 75
88 339
910 981
201 84
74 170
809 277
844 926
101 755
581 313
827 358
348 908
714 493
24 665
386 256
923 555
102 118
139 248
361 440
126 120
591 22
46 665
654 856
327 804
430 3
612 950
902 310
893 955
729 906
312 498
954 33
479 526
940 163
154 728
104 899
216 765
420 574
935 408
775 371
881 334
592 775
973 182
464 394
997 304
692 290
714 126
413 351
108 601
548 638
562 882
209 474
392 70
756 514
284 44
208 798
688 520
946 612
455 490
313 565
61 943
449 181
32 155
532 600
536 539
632 964
790 575
525 4
187 598
494 854
500 407
760 439
434 5
52 628
18 836
420 240
386 928
294 537
718 554
500 262
652 395
374 363
986 665
659 344
146 18
624 161
642 256
885 6
465 699
16 75
823 368
349 457
496 899
153 102
465 724
248 36
301 102
180 841
163 29
555 783
885 344
233 193
361 404
215 337
162 351
698 893
534 495
7 37
779 468
229 405
400 615
183 356
920 350
23 735
486 582
128 113
629 581
63 867
335 718
824 553
511 562
561 302
542 215
488 94
436 934
275 480
958 871
446 91
854 308
627 378
419 769
5 216
411 657
85 362
124 192
752 537
513 669
808 795
977 936
104 300
982 91
995 132
416 120
860 867
113 34
80 309
599 454
415 991
52 955
810 235
490 129
120 663
207 601
78 851
920 549
599 439
861 398
442 714
722 926
640 981
827 725
882 600
494 882
905 535
834 407
249 699
913 12
182 651
574 461
335 475
871 309
49 710
65 149
988 503
754 753
519 921
945 268
230 278
103 28
589 853
476 178
650 811
408 402
893 575
714 466
552 9
496 943
150 166
651 463
961 683
871 104
489 186
163 57
977 341
817 89
370 623
23 541
392 789
119 766
215 373
896 389
110 533
515 445
2 792
872 516
102 905
985 811
158 911
694 205
76 556
96 338
993 964
513 173
50 703
732 423
627 139
59 695
945 682
911 501
950 389
509 747
20 202
332 868
389 507
786 513
137 483
647 222
988 934
696 878
511 599
33 685
263 756
327 449
365 14
608 970
574 962
132 177
597 419
906 408
153 619
489 818
695 774
916 593
332 296
578 48
734 663
735 250
627 997
576 529
994 288
443 554
208 629
490 515
622 808
187 103
296 216
260 819
959 627
598 273
909 410
105 924
623 710
537 795
865 422
661 997
648 412
226 248
526 477
106 578
676 458
26 289
992 559
130 498
187 271
558 108
502 388
607 355
758 245
589 889
316 83
405 414
478 572
619 46
966 273
845 672
112 556
511 444
370 512
614 359
376 145
174 324
286 258
521 971
900 822
561 506
92 196
186 1
393 681
77 191
989 483
438 363
591 339
993 992
561 164
798 155
290 402
916 66
920 5
958 989
546 195
950 353
275 427
459 390
975 982
357 685
973 145
756 551
462 942
138 800
565 967
380 243
19 31
366 330
134 444
896 811
768 262
660 796
517 245
935 170
756 965
552 221
857 170
203 104
26 547
464 604
174 603
145 183
476 647
834 317
623 629
481 360
27 36
688 986
931 602
238 700
187 698
135 570
155 152
912 381
568 751
865 307
944 572
838 14
490 424
41 930
923 795
746 761
653 155
638 427
417 659
382 229
2 15
765 290
945 165
488 536
514 146
418 831
456 502
845 580
771 865
637 956
852 380
598 872
73 371
715 908
590 808
58 505
850 109
867 857
997 746
121 607
908 269
413 873
345 851
55 468
759 800
704 554
922 401
923 840
399 475
223 743
838 214
391 839
195 94
879 488
522 253
704 712
462 85
390 133
159 584
637 151
485 410
217 724
143 196
172 721
552 827
122 996
320 731
138 577
548 783
734 930
826 425
720 92
997 639
583 715
386 618
548 926
423 954
905 143
156 23
748 921
288 135
682 743
240 128
659 986
855 516
401 41
740 708
578 235
528 988
710 500
485 943
491 430
643 317
148 901
772 223
79 687
728 179
782 912
222 316
518 761
866 1
325 285
170 536
11 532
542 613
46 254
636 746
154 938
735 758
114 694
41 926
245 358
89 906
793 772
900 1000
10 550
87 562
773 932
21 166
738 408
813 458
870 133
189 909
563 735
893 892
699 47
756 52
922 322
466 838
324 440
141 734
716 874
642 837
186 57
370 298
210 323
289 816
517 760
862 843
603 425
755 18
502 561
871 664
214 357
591 553
834 782
651 844
859 784
752 651
308 153
783 292
925 22
907 567
735 483
929 844
821 214
865 846
592 2
994 682
521 10
977 568
762 702
468 837
921 893
653 654
863 169
803 338
306 870
520 93
848 954
580 149
544 67
585 697
69 488
530 106
136 725
763 294
156 648
257 615
614 655
585 923
912 325
128 756
883 730
790 314
496 706
279 291
282 69
926 938
799 440
585 868
692 520
153 208
982 849
621 940
220 136
457 498
499 451
83 128
72 879
602 942
239 269
132 969
150 278
44 237
945 126
710 702
159 204
829 781
56 739
681 580
580 350
183 331
232 371
582 535
188 3
695 300
50 67
864 872
2 261
445 721
512 500
841 616
969 367
533 418
868 823
12 855
289 62
733 699
172 909
104 107
343 993
604 904
441 852
449 417
639 938
985 279
968 579
458 433
6 436
521 213
562 827
360 915
877 114
200 828
256 766
521 38
531 125
739 254
946 844
131 152
296 905
65 396
117 841
568 357
878 518
240 950
277 543
369 534
772 523
995 806
961 842
834 504
417 916
344 884
880 102
899 44
663 223
781 719
409 312
925 832
984 388
589 999
952 687
239 722
679 849
22 188
649 646
320 730
58 640
791 232
334 365
154 159
504 88
865 97
828 339
757 435
779 305
819 528
163 212
756 253
667 580
742 440
727 460
784 280
904 558
702 794
828 689
614 70
707 928
817 160
245 347
160 685
717 327
479 532
850 936
561 219
580 193
480 10
413 166
146 547
297 580
117 557
935 353
367 163
889 679
565 804
983 117
59 244
403 225
977 68
225 831
686 668
856 819
672 904
159 740
440 963
392 897
299 481
561 796
123 229
358 844
743 38
424 590
481 931
317 285
932 426
946 751
599 171
345 204
86 133
801 321
51 286
772 454
556 557
939 447
141 176
956 211
247 866
873 695
625 835
736 901
74 276
592 345
166 204
30 518
718 921
851 218
83 542
106 645
456 940
347 953
848 898
558 557
924 303
567 673
460 480
644 958
978 608
580 828
248 445
250 279
976 676
821 706
400 34
239 641
22 233
938 558
743 305
493 731
785 145
415 490
788 784
838 627
510 261
888 764
260 709
706 949
965 920
896 689
936 146
951 816
926 525
795 243
567 154
127 643
572 780
791 466
461 922
173 925
163 833
129 81
521 887
111 868
831 406
177 365
162 444
186 405
3 689
320 911
927 784
911 447
270 557
72 276
419 521
993 636
925 239
817 430
964 299
881 755
60 944
884 129
695 161
906 236
121 922
109 830
517 822
609 957
276 996
761 918
583 565
986 1
418 772
464 283
392 72
716 489
184 234
352 860
114 343
333 567
929 784
624 648
240 129
556 529
777 452
869 598
891 884
484 564
909 365
592 325
133 497
652 679
304 829
839 19
368 180
648 452
254 930
205 836
335 342
330 12
240 845
573 133
353 34
374 664
642 955
86 694
461 252
681 316
54 190
560 699
316 257
541 856
52 450
692 676
573 359
229 96
121 280
818 334
345 908
453 313
371 160
689 251
107 682
615 506
275 550
709 747
353 750
923 855
203 649
798 115
669 428
854 616
637 88
768 899
678 350
21 345
157 105
86 817
967 600
734 893
608 305
238 108
369 451
397 224
850 658
600 917
342 30
215 772
293 714
683 62
389 167
228 401
108 902
160 145
927 699
949 415
702 249
151 621
743 983
194 432
211 769
568 253
17 649
143 505
497 321
355 127
72 591
273 944
865 702
60 408
114 981
857 18
985 69
144 931
204 991
877 320
365 620
114 940
478 149
283 409
558 980
631 742
176 626
84 91
912 326
41 872
558 839
151 503
689 948
638 401
571 456
457 248
990 274
974 951
480 183
874 267
361 340
16 118
185 742
202 652
429 403
490 131
741 586
228 531
200 52
435 943
664 995
572 820
63 931
154 973
727 408
481 928
233 76
401 872
495 84
704 531
488 158
732 417
695 303
521 536
336 466
409 554
111 149
646 896
302 954
911 24
364 535
762 418
38 976
95 641
995 399
975 877
952 474
469 213
561 47
126 959
229 988
545 206
165 353
86 151
429 640
467 565
506 21
415 957
986 795
539 409
44 985
498 657
118 238
622 814
830 795
347 697
653 770
545 921
231 282
450 607
786 485
326 42
218 675
19 558
518 948
813 572
416 578
662 675
519 878
442 462
675 438
814 350
511 344
41 836
280 524
188 173
425 549
186 786
767 107
698 622
902 580
171 930
297 611
852 631
980 288
214 772
138 267
644 543
810 803
154 783
909 941
714 327
955 83
120 152
319 472
67 371
214 742
276 397
78 17
280 968
452 186
567 87
55 355
756 412
774 279
980 740
358 656
196 203
414 134
716 514
778 173
599 983
217 589
966 866
977 662
404 271
8 720
564 493
11 423
345 305
881 679
163 736
967 24
313 211
960 786
152 335
426 82
700 469
532 242
912 595
305 443
393 244
748 544
626 68
420 539
203 157
129 722
973 497
851 941
856 434
655 101
786 148
125 656
255 705
493 844
445 41
854 207
643 434
97 604
350 126
957 206
341 345
783 374
92 977
44 844
508 897
678 251
75 786
594 766
502 375
486 840
433 348
141 99
605 414
790 368
22 238
724 508
780 318
675 720
126 306
697 828
202 482
644 733
115 575
248 156
819 337
715 672
315 568
370 723
192 419
231 962
750 854
20 729
112 586
791 380
262 362
27 531
304 188
306 614
288 997
239 324
756 210
404 239
48 177
249 528
712 920
90 532
497 490
825 607
698 215
760 900
559 998
780 977
968 113
552 624
544 800
263 378
310 553
458 818
846 225
703 824
673 893
727 166
964 276
548 555
60 945
556 974
479 809
959 19
891 441
270 332
56 216
807 95
683 469
960 894
759 358
280 480
391 915
702 194
300 518
742 707
564 231
773 125
958 59
282 568
856 733
30 622
624 649
666 930
740 375
833 179
796 33
134 696
912 558
622 887
881 143
41 448
683 913
813 866
965 551
621 197
74 408
661 938
169 420
667 421
460 669
652 567
417 994
394 936
334 537
889 486
537 578
538 301
520 784
396 475
73 162
334 315
488 743
710 950
583 444
214 951
23 901
953 716
625 863
609 50
438 132
277 344
633 180
889 802
497 585
260 650
426 583
392 715
10 262
874 89
586 981
37 795
427 947
211 616
267 778
91 462
988 880
849 158
959 337
450 355
731 158
570 16
879 14
24 180
687 942
158 195
437 392
555 349
976 182
481 776
560 437
544 554
559 312
711 598
548 641
310 569
707 439
484 868
81 952
947 752
716 447
590 480
104 303
422 787
339 271
18 227
401 233
330 721
973 441
871 145
781 256
110 664
263 947
804 953
408 381
991 21
504 531
781 471
873 654
807 647
296 255
558 763
46 307
282 830
209 886
853 453
484 690
218 268
924 272
605 597
252 803
532 861
59 897
204 702
799 126
288 609
219 695
737 822
40 2
580 644
982 996
966 409
550 728
662 998
573 281
211 456
638 481
395 177
610 286
24 677
560 567
637 567
569 972
714 288
864 413
441 444
577 236
512 569
659 826
16 840
806 959
474 700
435 942
276 490
903 63
154 970
928 809
135 102
477 749
788 269
515 463
104 672
298 753
983 226
229 749
56 963
91 737
871 218
29 784
233 877
419 704
920 91
906 210
927 632
416 330
660 37
789 647
387 778
647 361
225 898
262 777
921 751
725 576
132 301
5 57
997 373
428 688
113 114
80 133
597 416
840 62
318 131
356 466
873 584
437 575
591 978
406 550
873 729
679 271
170 301
709 984
866 152
57 629
408 821
958 301
947 28
144 799
585 605
425 966
776 340
382 786
398 599
884 624
633 816
649 571
944 901
27 891
583 358
511 347
131 969
134 53
541 878
348 391
789 404
572 4
184 829
738 380
577 698
656 55
179 578
44 316
962 987
524 118
927 395
607 659
439 829
41 758
390 483
387 414
291 378
275 609
681 934
663 754
336 657
121 561
739 16
508 375
551 621
458 908
860 490
693 492
953 343
686 563
829 853
287 556
839 701
18 502
704 774
539 824
649 296
940 473
869 116
617 380
695 577
19 32
661 465
612 417
519 212
194 70
910 304
363 581
111 511
77 699
122 895
678 911
407 383
744 791
84 472
166 194
369 982
614 920
830 165
317 110
959 515
672 67
505 246
801 417
855 722
914 128
329 416
493 621
705 600
356 699
657 162
783 486
731 977
933 53
183 698
511 25
258 239
520 230
245 109
726 724
421 754
169 361
286 560
642 312
164 84
607 320
511 383
732 937
785 288
435 603
112 508
365 998
940 708
818 200
926 627
379 866
215 472
415 10
181 20
187 123
15 929
128 843
36 332
898 355
629 843
962 686
676 828
384 148
206 935
867 939
29 694
376 910
31 344
542 807
831 481
120 403
598 746
46 639
656 735
401 704
642 926
422 734
464 96
102 694
285 78
185 334
821 428
380 76
200 442
366 11
538 590
25 561
688 351
119 337
927 560
15 394
643 981
971 448
80 47
426 55
263 680
926 737
674 241
365 66
94 512
904 278
133 76
869 370
123 112
749 220
593 368
646 506
209 623
49 786
265 301
144 554
750 190
473 146
716 122
459 995
540 904
762 776
474 526
178 841
804 533
786 8
313 682
387 239
948 578
494 858
107 211
472 372
914 375
954 305
973 984
631 796
610 25
387 282
705 267
174 54
122 367
692 567
676 156
473 767
735 755
684 903
511 841
118 659
909 786
842 247
827 137
850 298
44 260
799 116
233 197
153 388
742 70
64 633
170 872
984 954
569 524
236 781
478 932
870 410
50 663
234 328
876 783
570 430
78 249
560 72
82 260
301 550
30 124
569 750
96 424
122 664
170 242
885 777
47 584
858 135
678 666
812 724
816 671
158 482
342 143
754 71
886 584
522 833
338 946
464 761
96 980
706 269
621 390
749 81
458 378
563 309
47 140
272 680
182 877
199 961
1000 520
913 119
108 125
922 719
979 402
598 376
443 711
507 761
40 116
323 32
566 108
230 699
268 92
788 859
383 491
59 289
353 76
960 84
889 114
541 649
357 524
693 930
857 716
571 458
596 300
478 580
944 760
982 852
560 552
707 683
580 443
943 619
430 922
549 480
951 12
646 570
704 375
392 793
679 564
619 356
305 284
327 859
542 906
603 744
90 973
309 365
326 709
419 485
205 396
530 965
797 377
655 591
158 173
487 803
113 646
355 733
198 800
603 39
587 922
241 77
937 767
169 517
959 42
854 340
694 781
56 145
385 753
579 223
483 242
711 458
622 99
329 728
905 123
742 648
643 715
365 155
331 23
114 669
761 686
448 361
29 452
217 92
919 511
133 422
545 814
784 546
791 801
231 726
269 55
400 170
202 234
723 964
10 953
341 427
343 815
161 775
348 647
855 137
832 220
800 442
175 290
790 197
314 642
576 209
580 761
175 674
235 140
184 66
285 134
45 899
118 731
366 430
395 220
714 498
993 42
590 673
24 642
633 130
405 396
646 550
224 985
701 585
25 24
813 15
268 159
224 901
489 43
306 723
181 485
609 490
849 315
298 579
979 712
727 446
81 523
91 408
613 307
82 317
788 401
437 45
183 473
594 416
850 822
596 928
245 768
511 14
964 306
715 613
418 330
902 248
968 285
229 796
980 964
565 850
858 204
750 470
164 989
897 408
972 884
459 267
830 366
925 42
216 516
570 811
455 223
113 908
740 127
834 996
782 380
786 771
806 326
871 158
498 977
325 640
894 883
77 523
761 586
498 544
562 941
717 815
283 180
15 882
242 571
878 711
436 478
934 117
256 844
95 187
776 19
5 335
703 440
62 304
340 178
801 416
126 711
347 954
722 543
782 952
17 2
761 952
365 562
828 206
106 930
767 299
681 436
330 170
258 159
649 598
889 441
412 916
953 980
314 678
795 349
33 886
892 939
841 143
656 484
962 909
113 132
193 668
417 512
589 746
55 50
612 861
421 932
978 419
262 360
62 942
11 936
845 977
276 316
754 337
289 703
626 704
715 785
98 885
784 406
823 815
756 498
523 51
82 289
798 251
161 214
90 820
167 643
73 546
789 988
224 690
650 434
561 853
953 227
682 995
829 880
721 15
24 201
480 923
138 881
945 583
807 89
648 574
773 783
378 461
110 406
967 919
539 692
740 19
191 325
706 425
325 941
238 142
659 15
900 227
77 606
907 119
174 520
658 429
240 132
661 726
721 459
136 479
397 424
209 861
401 45
221 676
347 873
791 760
758 373
3 819
423 660
711 65
658 79
17 93
438 687
826 21
922 744
961 134
620 509
476 389
667 84
260 902
961 823
433 382
454 121
749 688
128 748
382 811
438 658
856 138
583 297
681 289
666 407
225 109
830 642
266 569
429 27
430 780
503 942
70 279
681 690
794 115
562 247
822 851
694 472
634 851
483 247
976 733
757 360
595 5
79 156
45 92
620 976
163 145
775 230
61 710
641 494
509 992
970 626
537 45
42 629
632 109
776 903
820 644
953 285
147 466
115 454
809 175
104 853
747 765
877 582
471 405
